1696473040,464,3,-------_-------_-------_-------_-------_-------_-O-----_
1503976384,470,3,-------_-------_-------_-------_-------_-O-----_-O-X---_
1776964563,512,1,-------_-------_-------_-------_-O-----_-O-X---_-O-X---_
1480616194,575,6,-------_-------_-------_-X-----_-O-----_-O-X---_-OOX---_
-1414856389,70000,4,-------_-------_-------_-X-----_-O-----_-OOX---_-OOX--X_
-653370730,70000,2,-------_-------_-------_-X-----_-O-----_-OOX---_-OOXXOX_
1916632924,70000,2,-------_-------_-------_-X-O---_-O-X---_-OOX---_-OOXXOX_
-544608515,349,3,-------_-------_-------_-------_-------_-------_---O---_
1684959166,415,1,-------_-------_-------_-------_-------_---X---_--OO---_
1146837016,495,5,-------_-------_-------_-------_-------_---X---_-XOOO--_
1129975567,514,4,-------_-------_-------_-------_-------_---XO--_-XOOOX-_
-1594166781,576,3,-------_-------_-------_-------_----X--_---XOO-_-XOOOX-_
177689545,594,3,-------_-------_-------_-------_---XXO-_---XOO-_-XOOOX-_
2024898590,576,4,-------_-------_---O---_---X---_---XXO-_---XOO-_-XOOOX-_
619171159,612,4,-------_-------_---O---_---XX--_---XXO-_--OXOO-_-XOOOX-_
-1113871545,70000,2,-------_----O--_---OX--_---XX--_---XXO-_--OXOO-_-XOOOX-_
1317601909,70000,5,-------_----O--_---OX--_---XX--_--XXXO-_-OOXOO-_-XOOOX-_
21490345,70000,1,-------_----O--_---OX--_--OXXX-_--XXXO-_-OOXOO-_-XOOOX-_
-544608515,354,3,-------_-------_-------_-------_-------_-------_---O---_
261854027,407,5,-------_-------_-------_-------_-------_---X---_---OO--_
725694860,396,3,-------_-------_-------_-------_-------_-------_----O--_
314829624,496,3,-------_-------_-------_-------_-------_-------_--OXO--_
343160687,486,3,-------_-------_-------_-------_-------_--OX---_--OXO--_
-1085861211,459,2,-------_-------_-------_---O---_---X---_--OX---_--OXO--_
1773697862,590,4,-------_-------_-------_---O---_--XX---_--OXO--_--OXO--_
997420978,631,3,-------_-------_-------_---O---_--XXX--_--OXO--_--OXOO-_
-1447076754,70000,5,-------_-------_---X---_---O---_--XXX--_--OXOO-_--OXOO-_
-1432764454,532,5,-------_-------_-------_-------_-------_-O-X---_OO-X---_
-1924317512,566,1,-------_-------_-------_-------_-------_-O-X---_OOOX-X-_
-2111943139,584,0,-------_-------_-------_-------_-X-----_-O-X-O-_OOOX-X-_
1085588857,399,3,-------_-------_-------_-------_-------_-------_--O----_
-999929127,435,3,-------_-------_-------_-------_-------_--O----_--OX---_
-1302600756,410,2,-------_-------_-------_-------_--O----_--OX---_--OX---_
2121782342,548,3,-------_-------_-------_--X----_--O----_--OX---_--OXO--_
-716902004,552,4,-------_-------_-------_--XO---_--OX---_--OX---_--OXO--_
-394479808,526,5,-------_-------_-------_--XO---_--OX---_--OXX--_--OXOO-_
-278747767,516,1,-------_-------_-------_--XO---_--OX-O-_--OXXX-_--OXOO-_
-1583712130,513,0,-------_-------_-------_--XO---_--OX-O-_-OOXXX-_-XOXOO-_
1236522515,537,0,-------_-------_-------_--XO---_--OXOO-_-OOXXX-_XXOXOO-_
-1668826562,471,4,-------_-------_-------_--XOO--_--OXOO-_XOOXXX-_XXOXOO-_
-1179359128,640,3,-------_-------_----X--_--XOOO-_--OXOO-_XOOXXX-_XXOXOO-_
769735179,633,0,-------_-------_---XX--_--XOOO-_-OOXOO-_XOOXXX-_XXOXOO-_
-516137352,638,1,-------_-------_---XX--_O-XOOO-_XOOXOO-_XOOXXX-_XXOXOO-_
2051785160,70000,6,-------_-------_--OXX--_OXXOOO-_XOOXOO-_XOOXXX-_XXOXOO-_
-1528066142,70000,1,-------_-------_--OXX--_OXXOOO-_XOOXOO-_XOOXXXO_XXOXOOX_
-498902397,519,4,-------_-------_-------_-------_-------_-O-X---_-OOX---_
300801325,570,3,-------_-------_-------_-------_-------_-OOX---_-OOXX--_
-1342347847,504,1,-------_-------_-------_-------_-------_---X---_---OOXO_
-991397729,526,3,-------_-------_-------_-------_-------_---XO--_-X-OOXO_
595405112,606,2,-------_-------_-------_-------_---X---_---XO--_-XOOOXO_
1653332314,631,1,-------_-------_-------_-------_---X---_--XXO-O_-XOOOXO_
-766933015,682,4,-------_-------_-------_-------_---X---_-XXXOOO_-XOOOXO_
-249437593,70000,4,-------_-------_-------_-------_---XXO-_-XXXOOO_-XOOOXO_
1553780068,508,6,-------_-------_-------_-------_-------_-------_-OOX---_
-1351113379,507,3,-------_-------_-------_-------_-------_--O----_-OOX--X_
39113036,458,3,-------_-------_-------_-------_---O---_-O-X---_-O-X---_
608977753,532,1,-------_-------_-------_---X---_---O---_-O-X---_-OOX---_
929640849,453,3,-------_-------_-------_-------_-------_-------_-O-XO--_
-1403296089,489,4,-------_-------_-------_-------_-------_---XO--_-O-XO--_
584874123,526,4,-------_-------_-------_-------_---OX--_---XO--_-O-XO--_
-1746933695,413,1,-------_-------_-------_-------_-------_---O---_-O-X---_
1245337042,437,1,-------_-------_-------_-------_---O---_-X-O---_-O-X---_
840318285,415,1,-------_-------_-------_-------_-------_----O--_---XO--_
2044130846,420,2,-------_-------_-------_-------_-------_----O--_-XOXO--_
1709266285,462,3,-------_-------_-------_-------_--O----_--X-O--_-XOXO--_
-1159792409,647,2,-------_-------_-------_---O---_---X---_-OOX---_-OOXX--_
-954738978,627,0,-------_-------_-------_--OO---_--XX---_-OOX---_-OOXX--_
-1172650575,70000,1,-------_-------_-------_--OO---_--XX---_-OOXO--_XOOXX--_
0,419,6,-------_-------_-------_-------_-------_-------_-------_
1512771891,550,3,-------_-------_-------_-------_-------_--OX---_-OOX---_
1060441827,492,2,-------_-------_-------_-------_-------_--OX---_--OX---_
1123069430,615,2,-------_-------_-------_-------_-X-----_-OX----_OOOX---_
-194062567,604,2,-------_-------_-------_-------_-XX----_-OX----_OOOX---_
1060733903,629,1,-------_-------_-------_--O----_-XX----_-OX----_OOOX---_
1311210599,600,1,-------_-------_-------_-XO----_-XX----_-OX----_OOOX---_
-1340314988,664,3,-------_-------_-O-----_-XO----_-XX----_-OX----_OOOX---_
1263480494,641,4,-------_-------_-O-----_-XO----_-XX----_-OXX---_OOOX---_
1263480494,638,4,-------_-------_-O-----_-XO----_-XX----_-OXX---_OOOX---_
-174742660,420,6,-------_-------_-------_--X----_--OO---_--OX---_--OX---_
-142024132,416,6,-------_-------_-------_--XO---_--OO---_--OX---_--OX--X_
1621065846,485,3,-------_-------_---O---_--XO---_--OO---_--OX--X_--OX--X_
-1940510303,489,4,-------_---X---_---O---_--XO---_--OO---_--OX--X_--OXO-X_
952403213,441,2,-------_---X---_---O---_--XO---_--OOO--_--OXX-X_--OXO-X_
-1280192801,417,6,-------_---X---_--XO---_--XO---_--OOO-O_--OXX-X_--OXO-X_
406793705,350,1,-------_---X---_--XO---_--XOO-X_--OOO-O_--OXX-X_--OXO-X_
2084391749,-70000,6,-------_---X---_--XOO--_--XOO-X_--OOO-O_--OXX-X_-XOXO-X_
676270633,500,1,-------_-------_-------_-------_-------_---X---_--OOOX-_
-555776914,525,5,-------_-------_-------_-------_-------_--OX---_-XOOOX-_
1508069020,535,2,-------_-------_-------_-------_--O----_--OX-X-_-XOOOX-_
506269228,529,4,-------_-------_-------_--X----_--OO---_--OX-X-_-XOOOX-_
443998035,539,5,-------_-------_-------_--X----_--OO---_-OOXXX-_-XOOOX-_
1367092296,584,3,-------_-------_-------_--X--O-_--OO-X-_-OOXXX-_-XOOOX-_
-1030367958,588,1,-------_-------_-------_--XX-O-_--OOOX-_-OOXXX-_-XOOOX-_
-1515991034,582,5,-------_-------_-------_--XXOO-_-XOOOX-_-OOXXX-_-XOOOX-_
-285096944,607,4,-------_-------_----OX-_--XXOO-_-XOOOX-_-OOXXX-_-XOOOX-_
1023188558,633,1,-------_----X--_---OOX-_--XXOO-_-XOOOX-_-OOXXX-_-XOOOX-_
-1277593835,563,2,-------_----X--_-O-OOX-_-XXXOO-_-XOOOX-_-OOXXX-_-XOOOX-_
-1294402123,681,3,-------_----XO-_-OXOOX-_-XXXOO-_-XOOOX-_-OOXXX-_-XOOOX-_
2101235150,70000,0,-------_---XXO-_-OXOOX-_-XXXOO-_-XOOOX-_-OOXXX-_OXOOOX-_
-1008357586,70000,0,-------_---XXO-_-OXOOX-_-XXXOO-_OXOOOX-_XOOXXX-_OXOOOX-_
1780772989,290,4,-------_-------_-------_-------_-------_---X---_--OOX--_
807989786,550,3,-------_-------_-------_--X----_--O----_--OX---_-OOX---_
-1136107704,70000,3,-------_-------_-------_--X----_--OX---_--OX---_-OOXO--_
499783244,491,4,-------_-------_-------_-------_----O--_--X-O--_-XOXO--_
932127540,70000,3,-------_-------_-------_----X--_----O--_--XOO--_-XOXO--_
2096055406,444,3,-------_-------_-------_-------_-------_-------_-----O-_
-933364171,466,3,-------_-------_-------_-------_-------_-----O-_---X-O-_
1044549403,551,5,-------_-------_-------_-------_-----O-_---X-O-_---X-O-_
-1852175715,577,2,-------_-------_-------_-----X-_-----O-_---X-O-_---XOO-_
1659340797,70000,0,-------_-------_-------_-----X-_-----O-_---XOO-_--XXOO-_
446011470,70000,3,-------_-------_-------_-----X-_-----O-_---XOO-_XOXXOO-_
-1314472572,70000,4,-------_-------_-------_---O-X-_---X-O-_---XOO-_XOXXOO-_
2043806908,510,3,-------_-------_-------_-------_-------_-------_-OOXO-X_
-809947358,464,1,-------_-------_-------_-------_---O---_---X---_-XOO---_
-1091736301,585,2,-------_-------_-------_---O---_---O---_-X-X---_-XOO---_
83172035,70000,4,-------_-------_-------_---O---_---O---_-XXX---_-XOOO--_
-1300942104,394,3,-------_-------_-------_-------_-------_---O---_--OX---_
572657200,488,2,-------_-------_-------_-------_---O---_---X---_-OOXO-X_
-812383230,70000,4,-------_-------_-------_-------_---O---_--XX---_-OOXOOX_
1137158966,70000,1,-------_-------_-------_-------_---O---_--XXXO-_-OOXOOX_
-1868904456,574,2,-------_-------_-------_-------_----X--_--OXO--_-XOOOX-_
-2035813471,625,3,-------_-------_-------_-------_--XOX--_--OXO--_-XOOOX-_
392904339,544,5,-------_-------_-------_--XO---_--OXO--_--OXXX-_--OXOO-_
-242356994,70000,5,-------_-------_-------_--XO---_--OX---_--OXX--_-OOXO--_
-617694476,478,2,-------_-------_-------_-------_-------_-------_-O-X--O_
1668488468,513,3,-------_-------_-------_-------_-------_-------_-OXXO-O_
-1873905394,597,1,-------_-------_-------_-------_-------_---X---_OOXXO-O_
283906630,493,3,-------_-------_-------_-------_-------_-XOX---_OOXXO-O_
-1142999156,546,1,-------_-------_-------_---O---_---X---_-XOX---_OOXXO-O_
426375603,609,1,-------_-------_-------_---O---_-X-X---_-XOXO--_OOXXO-O_
-1773399832,532,4,-------_-------_-O-----_-X-O---_-X-X---_-XOXO--_OOXXO-O_
964874932,394,3,-------_-------_-------_-------_-------_-------_--OX---_
1164809946,479,3,-------_-------_-------_-------_-------_-------_--OX-O-_
1941602166,468,2,-------_-------_-------_-------_-------_---X-O-_--OX-O-_
-912127834,590,5,-------_-------_-------_-------_-------_--XX-O-_--OXOO-_
-154421228,654,3,-------_-------_-------_-------_-----X-_--XXOO-_--OXOO-_
1847179043,70000,2,-------_-------_-O-XX--_OXXOOO-_XOOXOO-_XOOXXX-_XXOXOO-_
593517633,70000,6,-------_---O---_-OXXX--_OXXOOO-_XOOXOO-_XOOXXX-_XXOXOO-_
-37744085,70000,5,-------_---O---_-OXXX--_OXXOOO-_XOOXOO-_XOOXXXO_XXOXOOX_
-1233830468,70000,2,-------_-------_---OO--_---XX--_---XXO-_---XOO-_-XOOOX-_
993961972,606,3,-------_-------_---O---_---O---_---O---_-XXX---_-XOO---_
-671674845,70000,4,-------_---X---_---O---_---O---_---O---_-XXX---_-XOOO--_
503703507,70000,4,-------_-------_---O---_---XX--_---XXO-_---XOO-_-XOOOXO_
-2022080061,70000,2,-------_----O--_---OX--_---XX--_---XXO-_---XOO-_-XOOOXO_
702130596,473,5,-------_-------_-------_--X----_--O----_--OX---_--OX-O-_
147503093,577,5,-------_-------_-------_--X----_--O----_--OX-X-_--OXOO-_
933431111,585,4,-------_-------_-------_--X----_--O--X-_--OXOX-_--OXOO-_
-561912524,617,5,-------_-------_-------_--X----_--O-XX-_--OXOX-_--OXOOO_
-1967659264,70000,6,-------_-------_-------_--X--X-_--O-XX-_--OXOXO_--OXOOO_
-465719574,585,4,-------_-------_-------_-------_-------_---X---_-XOOOXO_
1752039902,591,3,-------_-------_-------_-------_-------_---XXO-_-XOOOXO_
534784830,655,2,-------_-------_-------_-------_---X---_---XXOO_-XOOOXO_
-885672257,658,2,-------_-------_-------_-------_---X---_-OXXXOO_-XOOOXO_
-1636744971,70000,2,-------_-------_-------_-------_--XX--O_-OXXXOO_-XOOOXO_
-1025515190,496,4,-------_-------_-------_-------_-------_-------_---X-OO_
-1450450599,520,4,-------_-------_-------_-------_-------_-------_-O-XXOO_
488197621,462,3,-------_-------_-------_-------_----O--_----X--_-O-XXOO_
-1493250890,70000,5,-------_-------_-------_-------_----O--_---XX--_-OOXXOO_
1363702534,70000,6,-------_-------_-------_-------_----O--_--OXXX-_-OOXXOO_
233162880,495,2,-------_-------_-------_-------_-------_---X---_-O-OOX-_
-23575072,527,4,-------_-------_-------_-------_-------_---XO--_-OXOOX-_
1881103308,556,4,-------_-------_-------_-------_---OX--_---XO--_-OXOOX-_
742987397,629,3,-------_-------_-------_----X--_---OX--_--OXO--_-OXOOX-_
258576948,632,4,-------_-------_-------_---XX--_---OX--_-OOXO--_-OXOOX-_
-1776946140,601,5,-------_----O--_----X--_---XX--_---OX--_-OOXO--_-OXOOX-_
287915734,70000,6,-------_----O--_----X--_---XX--_--OOX--_-OOXOX-_-OXOOX-_
472385565,413,3,-------_-------_-------_-------_-------_-------_-O-X---_
-359064732,354,5,-------_-------_-------_-------_-------_-X-O---_-O-X---_
-1770627318,410,5,-------_-------_-------_-------_-------_-X-O---_-O-X-O-_
-1218100901,488,3,-------_-------_-------_-------_-------_-X-O-X-_-O-XOO-_
-1218100901,475,3,-------_-------_-------_-------_-------_-X-O-X-_-O-XOO-_
-1030865764,474,3,-------_-------_-------_--OO---_--XX---_--OX---_--OXO--_
-39341606,574,4,-------_-------_---X---_--OO---_--XX---_--OXO--_--OXO--_
-1231159664,627,4,-------_-------_---X---_--OO---_--XXX--_--OXO--_-OOXO--_
524356500,640,5,-------_-------_---X---_--OOX--_--XXX--_--OXO--_OOOXO--_
1034787922,70000,5,-------_-------_---X---_--OOX--_--XXX--_-OOXO--_OOOXOX-_
-252114586,70000,6,-------_-------_---X---_--OOX--_--XXX--_-OOXOX-_OOOXOXO_
-1866570958,70000,6,-------_-------_---X---_--OOX--_--XXX-O_-OOXOXX_OOOXOXO_
191760756,70000,6,-------_-------_---X--O_--OOX-X_--XXX-O_-OOXOXX_OOOXOXO_
-733795514,70000,5,-------_------X_---XO-O_--OOX-X_--XXX-O_-OOXOXX_OOOXOXO_